25.1587
83.8159
-2.77442
3.75934
0.0339507
-0.0111373
73.8463
63.5789
-1.73099
73.8957
50.1857
-1.24979
67.7363
0.620753
0.323121
73.9443
84.8707
-2.49448
73.9326
36.1818
-0.734713
61.385
110.95
-3.72075
5.37166
0.438521
-0.011046
-7.50376
31.9193
-1.20457
69.6574
108.642
-3.41995
27.6551
0.223375
0.214656
50.0922
111.97
-3.87337
73.9194
29.1783
-0.483269
73.8707
77.7179
-2.27335
21.5873
0.13135
0.11644
-0.0671253
54.3948
-1.76351
9.65458
61.6068
-2.03865
-8.03404
18.8927
-0.716856
15.8443
0.0657762
0.0276129
33.0073
0.101506
0.211356
73.8801
92.0018
-2.70401
55.2683
0.27246
0.202901
73.9594
56.8398
-1.49427
30.9466
103.426
-3.5124
23.6456
0.19884
0.213327
73.7498
9.18217
0.187424
12.3867
0.422493
0.0644756
34.556
0.256047
0.196893
72.4489
3.70335
0.226998
22.061
77.6379
-2.60122
4.78826
57.441
-1.85242
44.0823
112.296
-3.91917
48.5399
0.253833
0.129371
-3.20056
0.609329
-0.015735
-7.3653
38.6563
-1.39588
61.805
0.320182
0.319864
73.8156
22.2078
-0.212997
14.1907
66.3652
-2.21895
73.8898
43.3128
-0.976579
43.7781
0.0205761
0.11078
